$GNRMC,200632.000,A,5219.8228,N,02056.8881,E,0.00,,101023,,,D,V*12
$GPVTG,,T,,M,0.00,N,0.00,K,D*26
$GPGGA,200632.000,5219.8228,N,02056.8881,E,2,9,1.13,61.9,M,38.8,M,,*6A
$GNGSA,A,3,25,11,29,32,12,24,,,,,,,1.46,1.13,0.93,1*03
$GNGSA,A,3,76,86,75,,,,,,,,,,1.46,1.13,0.93,2*05
$GPGSV,3,1,11,12,82,058,16,25,52,277,20,24,37,160,30,06,34,071,,0*65
$GPGSV,3,2,11,11,31,117,19,32,30,286,18,36,30,176,28,19,18,049,13,0*6C
$GPGSV,3,3,11,29,16,215,29,28,14,312,,03,05,004,,0*59
$GLGSV,3,1,09,76,62,317,26,85,60,091,,75,50,098,22,86,34,163,28,1*75
$GLGSV,3,2,09,67,24,315,,84,20,026,,66,16,261,,77,16,299,,1*7D
$GLGSV,3,3,09,68,08,001,,1*46
$GNGLL,5219.8228,N,02056.8881,E,200632.000,A,D*40
